23063
28477
13843
18895
28787
15822
42556
38775
29091
18491
519
5683
1198
10764
30817
16816
27327
38646
12464
6457
14200
13617
20673
13639
16126
23163
38647
22568
8156
12905
33570
4503
7808
44585
3362
12814
16970
44340
29679
21039
11453
44737
30993
38476
38236
36318
8044
23117
39658
36807
39886
45744
13484
33511
12561
1987
7810
1302
10746
20911
19271
32587
22507
6064
12139
47228
49199
26473
39658
21147
10903
44265
36335
13204
45949
21401
27477
41998
14510
44699
11767
10089
37801
14730
11019
45573
36773
13031
14206
38025
29210
38617
41066
14984
40899
20785
14813
36222
47079
3896
