Yes
1 1 1 1 1 2 2 2 1 1 1 5 7 4 1
Yes
1 1 1 1 1 1 1 4 1 1 1 5 8 3 1
Yes
1 1 1 2 1 1 1 1 1 1 4 8 1 4 1
Yes
1 1 1 1 1 1 1 1 1 1 7 9 7 7 1
Yes
1 1 1 1 1 1 1 1 1 3 3 7 5 5 1
Yes
1 1 1 1 1 1 1 1 1 5 1 1 5 5 1
Yes
1 1 1 1 1 1 1 1 1 5 5 8 4 4 1
Yes
1 1 1 3 1 1 1 1 2 1 1 5 7 3 1
Yes
1 1 1 1 1 2 2 1 1 1 2 4 7 4 1
Yes
1 1 1 2 1 1 1 1 4 4 1 3 6 3 1
Yes
1 1 1 1 1 1 1 1 2 2 1 2 6 4 1
Yes
1 1 1 1 1 1 1 1 1 1 2 4 8 5 1
Yes
1 1 1 1 1 1 1 1 1 1 7 7 9 6 1
Yes
1 1 1 1 1 1 3 3 3 1 1 5 7 3 1
Yes
1 1 1 1 1 2 1 1 2 1 1 4 6 3 1
Yes
1 1 1 1 1 1 2 1 1 1 6 1 7 4 1
Yes
1 1 1 1 1 1 1 1 5 1 1 7 9 3 1
Yes
1 1 1 1 1 1 1 1 1 3 1 6 5 5 1
Yes
1 1 1 1 1 1 1 1 1 5 7 5 1 4 1
Yes
1 1 1 1 1 2 1 1 1 1 1 5 7 4 1
Yes
1 1 1 1 2 1 1 1 1 1 1 6 8 4 1
Yes
1 1 1 1 1 1 1 1 2 3 3 6 4 4 1
Yes
1 1 1 1 1 1 1 1 1 1 1 8 10 7 1
Yes
1 1 1 1 4 1 1 1 1 4 1 6 8 6 1
Yes
1 1 1 1 1 2 1 1 2 1 1 5 7 4 1
Yes
1 1 1 1 1 1 1 2 1 1 5 1 6 3 1
Yes
1 1 1 1 1 1 1 1 1 1 1 3 5 3 1
Yes
1 1 1 1 1 1 1 1 1 1 1 8 10 7 1
Yes
1 1 1 1 1 2 1 1 1 1 1 7 9 6 1
Yes
1 1 1 1 1 1 1 1 1 1 1 7 9 3 1
Yes
1 1 1 1 1 1 1 1 1 1 1 8 10 3 1
Yes
1 1 1 1 1 1 1 1 5 1 1 7 9 3 1
Yes
1 1 1 1 1 1 1 1 1 4 6 4 4 4 1
Yes
1 1 1 1 1 2 2 1 1 1 4 6 1 2 1
Yes
1 1 1 1 1 1 1 2 1 1 1 4 7 3 1
Yes
1 1 1 1 1 1 1 4 1 1 1 5 8 3 1
Yes
1 1 1 1 1 1 1 3 1 1 5 5 8 6 1
Yes
1 1 1 1 1 1 1 1 1 1 1 8 10 3 1
Yes
1 1 1 1 1 1 1 1 1 1 4 1 7 6 1
Yes
1 1 1 1 1 1 1 1 1 6 1 7 3 3 1
Yes
1 1 1 1 1 1 1 1 1 1 3 3 8 6 1
Yes
1 1 1 1 1 1 1 1 3 1 1 6 8 3 1
Yes
1 1 1 1 1 1 1 4 1 1 1 6 8 3 1
Yes
1 1 1 1 1 1 1 1 5 1 1 7 9 3 1
Yes
1 1 1 1 1 1 1 1 5 5 7 7 1 2 1
Yes
1 1 1 1 1 1 1 1 1 1 1 8 10 3 1
Yes
1 1 1 1 1 1 1 1 4 1 6 8 6 6 1
Yes
1 1 1 3 1 1 1 3 1 1 1 5 7 3 1
Yes
1 1 1 1 1 1 1 2 1 1 1 6 8 4 1
Yes
1 1 1 1 1 1 1 4 4 1 1 6 8 3 1
Yes
1 1 1 1 1 2 1 1 1 1 1 4 6 3 1
Yes
1 1 1 1 1 1 1 1 5 1 1 7 9 3 1
Yes
1 1 1 1 1 1 1 1 1 1 4 1 6 5 1
Yes
1 1 1 1 2 2 1 1 1 1 4 1 5 4 1
Yes
1 1 1 1 1 2 1 1 1 1 1 3 7 4 1
Yes
1 1 1 2 1 1 1 1 1 1 1 4 8 5 1
Yes
1 1 1 1 3 1 1 1 1 1 1 6 8 3 1
Yes
1 1 1 1 1 1 3 3 1 1 1 5 7 3 1
Yes
1 1 1 1 1 1 1 1 4 4 1 6 8 6 1
Yes
1 1 1 1 1 1 1 1 1 1 2 6 9 5 1
Yes
1 1 1 1 1 1 1 1 2 1 6 6 8 4 1
Yes
1 1 1 1 1 1 3 1 1 1 5 8 8 4 1
Yes
1 1 1 1 1 1 1 1 1 1 4 4 7 4 1
Yes
1 1 1 1 1 1 3 2 1 1 1 6 8 4 1
Yes
1 1 1 1 1 1 1 1 3 1 1 6 8 3 1
Yes
1 1 1 2 1 1 2 2 1 1 4 1 5 3 1
Yes
1 1 1 1 1 1 1 1 1 1 1 8 10 4 1
Yes
1 1 1 1 1 1 1 1 3 1 1 6 8 5 1
Yes
1 1 1 1 1 2 1 1 1 1 1 5 7 4 1
Yes
1 1 1 1 1 1 1 1 1 1 4 4 9 7 1
Yes
1 1 1 1 1 1 3 1 1 2 1 6 8 4 1
Yes
1 1 1 1 1 1 1 1 1 6 1 7 8 6 1
Yes
1 1 1 1 1 1 1 1 5 1 1 7 9 3 1
Yes
1 1 1 1 1 1 1 1 5 1 1 7 9 3 1
Yes
1 1 1 1 1 1 1 1 3 1 5 1 6 5 1
Yes
1 1 1 1 1 1 1 2 1 1 4 4 7 5 1
Yes
1 1 1 1 1 1 1 1 1 1 1 5 7 3 1
Yes
1 1 1 1 1 2 1 1 1 1 1 4 9 6 1
Yes
1 1 1 1 1 2 1 1 1 1 4 4 6 3 1
Yes
1 1 1 1 1 1 1 1 1 1 1 8 10 3 1
Yes
1 1 1 1 1 1 1 1 1 3 6 1 1 2 1
Yes
1 1 1 1 1 1 1 1 1 3 1 3 7 4 1
Yes
1 1 1 1 1 2 1 1 1 1 1 4 7 4 1
Yes
1 1 1 1 1 1 3 3 3 1 1 5 7 3 1
Yes
1 1 1 2 2 1 1 1 1 1 1 4 7 4 1
Yes
1 1 1 1 1 1 1 1 1 2 4 7 4 4 1
Yes
1 1 1 1 1 2 2 1 1 1 2 4 7 4 1
Yes
1 1 1 1 1 2 2 2 2 1 1 4 6 3 1
Yes
1 1 1 1 1 1 1 1 1 1 1 6 8 5 1
Yes
1 1 1 1 1 1 1 2 1 1 2 3 6 4 1
Yes
1 1 1 1 1 1 1 1 1 2 1 5 7 4 1
Yes
1 1 1 1 1 1 1 1 1 3 1 6 1 4 1
Yes
1 1 1 1 1 1 1 1 2 1 1 5 7 5 1
Yes
1 1 1 1 1 1 1 1 1 1 1 7 9 4 1
Yes
1 1 1 1 1 1 1 1 1 1 1 3 8 6 1
Yes
1 1 1 1 1 1 1 1 1 1 6 6 9 7 1
Yes
1 1 1 1 1 1 1 4 1 1 1 6 8 3 1
Yes
1 1 1 1 1 2 2 1 1 1 4 4 7 4 1
Yes
1 1 1 1 1 1 1 1 3 3 1 5 7 5 1
Yes
1 1 1 1 1 1 3 1 1 2 1 6 8 4 1
Exception in thread "main" java.util.NoSuchElementException
	at java.base/java.util.StringTokenizer.nextToken(StringTokenizer.java:347)
	at labA3.QReader.next(B_sameWay.java:148)
	at labA3.QReader.nextInt(B_sameWay.java:152)
	at labA3.lab5_oj2.main(lab5_oj2.java:14)

Process finished with exit code 1
